   11.9421    2.8250    3.5213    5.4508    4.3846    5.3844
    2.8250   10.3335    2.6401    4.8909    3.1660    4.4026
    3.5213    2.6401    8.5688    4.2806    3.2894    3.8448
    5.4508    4.8909    4.2806   13.7441    6.2431    6.0484
    4.3846    3.1660    3.2894    6.2431   12.0302    4.1687
    5.3844    4.4026    3.8448    6.0484    4.1687   12.8863
